0.418701115798
0.438442086715
0.458291130488
0.478195082479
0.49810035542
0.517953358923
0.537700915519
0.557290667371
0.576671467941
0.595793753239
0.614609887575
0.633074479291
0.65114466243
0.66878034094
0.685944392691
0.702602831254
0.718724924131
0.734283266856
0.749253813111
0.763615861683
0.777352001762
0.790448018707
0.802892762942
0.814677985152
0.825798141375
0.836250171933
0.846033258403
0.855148563057
0.863598955274
0.871388729528
0.878523319481
0.885009012662
0.890852670064
0.896061454774
0.900642573548
0.90460303493
0.907949427235
0.910687719359
0.912823087035
0.91435976676
0.915300939273
0.915648644019
0.915403725668
0.914565813343
0.913133332805
0.911103551419
0.908472655352
0.905235858015
0.901387538385
0.896921407432
0.891830700505
0.886108393144
0.879747437443
0.872741015742
0.8650828081
0.856767269761
0.847789914525
0.838147599788
0.827838808809
0.816863925716
0.805225498691
0.79292848681
0.779980486137
0.766391930816
0.75217626518
0.737350083207
0.721933232068
0.705948876972
0.689423525061
0.672387006694
0.654872413123
0.636915990225
0.618556988679
0.599837471706
0.580802082194
0.561497771742
0.541973494851
0.522279872062
0.502468826483
0.482593198548
0.462706344343
0.442861723066
0.42311247944
0.40351102698
0.384108637984
0.364955046009
0.346098066346
0.327583239656
0.309453503526
0.291748896128
0.274506295625
